8
jgi|ChloA99_1|4112|19440    100.000000 19.313306 16.346157 19.133574 17.314488 18.528366 14.527029 14.406776
jgi|ChloA99_1|7671|1635     19.313306 100.000000 3.846157 51.931328 53.218883 12.017167 27.038628 5.932206
jgi|ChlNC64A_1|133153|41714 16.346157 3.846157 100.000000 4.326922 4.807693 45.192307 6.250000 77.118641
jgi|ChlNC64A_1|140549|1635  19.133574 51.931328 4.326922 100.000000 70.036101 9.386283 31.046927 6.779659
jgi|Chloso1602_1|10019|1635 17.314488 53.218883 4.807693 70.036101 100.000000 10.954064 32.508838 6.779659
jgi|Chloso1602_1|4380|28991 18.528366 12.017167 45.192307 9.386283 10.954064 100.000000 9.797299 66.101694
jgi|Nansal1776_1|4902|1635  14.527029 27.038628 6.250000 31.046927 32.508838 9.797299 100.000000 9.322035
rf|Chlorella                14.406776 5.932206 77.118641 6.779659 6.779659 66.101694 9.322035 100.000000
